# RETO 1.P08: Domina el formato
Copia más abajo tus programas, cada uno en su parte del reto.

# PROGRAMAS

## Actividad 1: 4 Píxeles Rojos
```
21 43 77 22 00 C8 18 FE
```
PC: 4000

```
21 FF FF 22 00 C0 18 FE
```

## Actividad 2: (C) 24 Píxeles en grupos de 4 del mismo color
```
21 43 77 22 00 C8 18 FE
```
PC: 4000

```
21 FF FF 22 00 C0 22 04 C0 21 F0 F0 22 02 C0 18 FE 
```


## Actividad 3: (C) 12 Píxeles en grupos de 2 del mismo color
```
21 43 77 22 00 C8 18 FE
```
PC: 4000

```
3E FC 32 00 C0 32 02 C0 18 3E 3C 32 01 C0 32 03 C0 21 FC 3C 22 04 C0 18 FE
```

## Actividad 4: (C) 8 Píxeles, de colores distintos
```
21 43 77 22 00 C8 18 FE
```
PC: 4000

```
21 DA DA 22 00 C0 18 FE
```

## Actividad 5: (CC) Patrón libre de color de al menos 80 píxeles
```
21 43 77 22 00 C8 18 FE
```
PC: 4000

```
21 FF FF 22 60 DE 22 62 DE 22 64 DE 22 66 DE 22 68 DE 22 21 F0 F0 22 60 E6 22 62 E6 22 64 E6 22 66 E6 22 68 E6 22 21 FF FF 22 60 F6 22 62 F6 22 64 F6 22 66 F6 22 68 F6 22 21 F0 F0 22 60 FE 22 62 FE 22 64 FE 22 66 FE 22 68 FE 22 18 FE
```
# IMAGENES
Si quieres, puedes subir pantallazos y enlazarlos aquí.
![Actividad 1](/pixelrojo.png)

